13037.000000
31054.000000
25629.000000
14091.000000
23710.000000
18299.000000
4114.000000
1783.000000
11200.000000
28333.000000
26875.000000
27648.000000
7055.000000
30650.000000
9378.000000
5087.000000
30137.000000
19757.000000
27833.000000
1421.000000
22813.000000
14071.000000
15293.000000
6814.000000
7634.000000
15969.000000
288.000000
8912.000000
14955.000000
3653.000000
20646.000000
26084.000000
3705.000000
9086.000000
8464.000000
30636.000000
13906.000000
24989.000000
24056.000000
4710.000000
19473.000000
24541.000000
20732.000000
27464.000000
14814.000000
602.000000
9758.000000
13660.000000
368.000000
13181.000000
3947.000000
18062.000000
7375.000000
20923.000000
19419.000000
4868.000000
23647.000000
9599.000000
5497.000000
29357.000000
26138.000000
29540.000000
15043.000000
25885.000000
14877.000000
32424.000000
26452.000000
18328.000000
24678.000000
4062.000000
24512.000000
12652.000000
9180.000000
21474.000000
13504.000000
27268.000000
32399.000000
10002.000000
12687.000000
12347.000000
6978.000000
8379.000000
2451.000000
15470.000000
4135.000000
29394.000000
2368.000000
17109.000000
14057.000000
29157.000000
20026.000000
22675.000000
17903.000000
22864.000000
19129.000000
31243.000000
3808.000000
8116.000000
6194.000000
8950.000000
